disp(ue(end));
       350.26

disp(fireoff);
            0       3555.5
         5246       5399.7
         7544       7591.5
         9744       9801.1

diary off
       350.26

            0       3555.5
         5246       5399.7
         7544       7591.5
         9744       9801.1

       350.18

            0       3557.5
         5248       5403.1
         7547       7595.6
         9748       9812.2

       350.14

            0         3559
         5250       5405.4
         7549         7599
         9751       9821.3

       350.06

            0       3561.5
         5251       5409.5
         7565       7598.6
         9742         9863

       350.04

            0         3564
         5254         5413
         7567       7605.7
         9748       9876.7

       350.03

            0       3569.1
         5257       5420.4
         7572       7617.9
         9758       9900.4

        349.9

            0       3574.1
         5260       5427.5
         7577       7631.4
         9780       9931.9

       349.85

            0       3576.6
         5261       5431.3
         7582       7638.6
         9787       9949.6

        349.9

            0       3574.1
         5260       5427.5
         7577       7631.4
         9780       9931.9

       349.94

            0       3571.6
         5259       5423.9
         7574       7625.7
         9770       9918.6

       349.99

            0       3570.1
         5258       5421.7
         7573         7621
         9761       9906.4

